92.4 142.8 53.2
94.4 144.0 53.2
94.0 143.6 53.2
93.2 143.2 53.2
92.8 142.8 53.2
92.74 153.6 53.2
92.8 153.61 53.2
93.2 153.73 53.2
93.6 153.75 53.2
94.0 153.73 53.2
94.29 153.6 53.2
91.27 153.2 53.2
91.6 153.34 53.2
92.0 153.45 53.2
92.4 153.54 53.2
94.4 153.53 53.2
94.63 153.2 53.2
90.38 152.8 53.2
90.4 152.81 53.2
90.8 153.0 53.2
91.2 153.17 53.2
94.8 152.99 53.2
95.04 152.8 53.2
90.0 152.62 53.2
89.66 152.4 53.2
95.2 152.7 53.2
95.6 152.55 53.2
95.9 152.4 53.2
89.0 152.0 53.2
89.2 152.16 53.2
89.6 152.36 53.2
96.0 152.34 53.2
96.4 152.13 53.2
96.53 152.0 53.2
88.55 151.6 53.2
88.8 151.84 53.2
96.8 151.76 53.2
96.96 151.6 53.2
88.13 151.2 53.2
88.4 151.46 53.2
97.2 151.34 53.2
97.33 151.2 53.2
87.79 150.8 53.2
88.0 151.05 53.2
97.57 150.8 53.2
87.6 150.4 53.19
87.6 150.4 53.2
97.6 150.76 53.2
97.83 150.4 53.2
87.35 150.0 53.2
87.6 150.39 53.2
98.0 150.11 53.2
98.08 150.0 53.2
87.24 149.6 53.2
98.29 149.6 53.2
87.13 149.2 53.2
87.2 149.47 53.2
98.4 149.2 53.2
87.03 148.8 53.2
86.97 148.4 53.2
98.4 148.4 53.2
86.98 148.0 53.2
98.4 148.0 53.2
86.99 147.6 53.2
98.31 147.6 53.2
87.01 147.2 53.2
98.15 147.2 53.2
87.01 146.8 53.2
97.92 146.8 53.2
98.0 146.94 53.2
87.03 146.4 53.2
97.75 146.4 53.2
87.03 146.0 53.2
97.49 146.0 53.2
97.6 146.18 53.2
87.07 145.6 53.2
97.05 145.6 53.2
97.2 145.71 53.2
87.19 145.2 53.2
96.41 145.2 53.2
96.8 145.43 53.2
87.2 145.16 53.2
87.26 144.8 53.2
95.91 144.8 53.2
96.0 144.88 53.2
96.4 145.19 53.2
87.4 144.4 53.2
94.8 144.4 53.2
94.8 144.4 53.2
95.2 144.4 53.2
95.6 144.41 53.2
87.6 144.07 53.2
87.65 144.0 53.2
94.4 144.0 53.2
87.84 143.6 53.2
94.0 143.6 53.2
88.0 143.42 53.2
88.19 143.2 53.2
93.2 143.2 53.2
93.6 143.2 53.2
88.4 143.0 53.2
88.76 142.8 53.2
92.4 142.8 53.2
88.8 142.78 53.2
89.2 142.55 53.2
89.6 142.46 53.2
89.74 142.4 53.2
91.19 142.4 53.2
91.2 142.4 53.2
91.6 142.4 53.2
92.0 142.4 53.2
90.0 142.29 53.2
90.4 142.16 53.2
90.8 142.12 53.2
92.74 153.6 53.6
92.8 153.61 53.6
93.2 153.71 53.6
93.6 153.75 53.6
94.0 153.73 53.6
94.37 153.6 53.6
91.39 153.2 53.6
91.6 153.3 53.6
92.0 153.42 53.6
92.4 153.53 53.6
94.4 153.58 53.6
94.71 153.2 53.6
90.4 152.8 53.28
90.8 152.96 53.6
90.5 152.8 53.6
91.2 153.11 53.6
94.8 153.1 53.6
95.13 152.8 53.6
89.69 152.4 53.6
90.0 152.59 53.6
90.4 152.75 53.6
95.2 152.75 53.6
95.6 152.61 53.6
95.99 152.4 53.6
89.08 152.0 53.6
89.2 152.08 53.6
89.6 152.33 53.6
96.0 152.4 53.6
96.4 152.18 53.6
96.59 152.0 53.6
88.6 151.6 53.6
88.8 151.79 53.6
96.8 151.8 53.6
96.99 151.6 53.6
88.23 151.2 53.6
88.4 151.38 53.6
97.2 151.33 53.6
97.3 151.2 53.6
87.92 150.8 53.6
88.0 150.89 53.6
97.54 150.8 53.6
87.71 150.4 53.6
97.6 150.73 53.6
97.81 150.4 53.6
87.43 150.0 53.6
87.6 150.26 53.6
97.99 150.0 53.6
98.0 150.0 53.56
87.3 149.6 53.6
98.0 149.99 53.6
98.26 149.6 53.6
87.2 149.2 53.48
87.23 149.2 53.6
98.39 149.2 53.6
87.12 148.8 53.6
87.2 149.08 53.6
98.4 148.8 53.6
87.03 148.4 53.6
98.4 148.4 53.6
87.03 148.0 53.6
98.38 148.0 53.6
87.01 147.6 53.6
98.25 147.6 53.6
87.02 147.2 53.6
98.08 147.2 53.6
87.02 146.8 53.6
97.87 146.8 53.6
98.0 147.05 53.6
87.06 146.4 53.6
97.68 146.4 53.6
87.06 146.0 53.6
97.39 146.0 53.6
97.6 146.29 53.6
87.08 145.6 53.6
96.97 145.6 53.6
97.2 145.81 53.6
87.2 145.2 53.31
87.2 145.26 53.6
87.22 145.2 53.6
96.39 145.2 53.6
96.4 145.2 53.4
96.4 145.2 53.6
96.8 145.41 53.6
87.3 144.8 53.6
95.81 144.8 53.6
96.0 144.95 53.6
87.45 144.4 53.6
94.8 144.4 53.21
95.2 144.43 53.6
95.16 144.4 53.6
95.6 144.62 53.6
87.6 144.1 53.6
87.66 144.0 53.6
94.39 144.0 53.6
94.4 144.0 53.6
94.8 144.13 53.6
87.86 143.6 53.6
93.57 143.6 53.6
93.6 143.6 53.58
93.6 143.62 53.6
94.0 143.73 53.6
88.0 143.47 53.6
88.26 143.2 53.6
92.63 143.2 53.6
92.8 143.2 53.55
92.8 143.26 53.6
93.2 143.38 53.6
88.4 143.06 53.6
88.8 142.8 53.49
88.8 142.81 53.6
88.81 142.8 53.6
91.88 142.8 53.6
92.0 142.8 53.51
92.0 142.91 53.6
92.4 143.11 53.6
89.2 142.59 53.6
89.6 142.47 53.6
89.79 142.4 53.6
91.19 142.4 53.6
91.2 142.4 53.6
91.6 142.49 53.6
90.0 142.32 53.6
90.4 142.2 53.6
90.8 142.13 53.6
92.8 153.6 53.66
93.2 153.6 53.93
93.6 153.61 54.0
93.5 153.6 54.0
93.65 153.6 54.0
94.0 153.6 53.89
91.6 153.2 53.96
92.0 153.35 54.0
91.63 153.2 54.0
92.4 153.45 54.0
92.8 153.53 54.0
93.2 153.58 54.0
94.0 153.55 54.0
94.4 153.36 54.0
94.55 153.2 54.0
90.69 152.8 54.0
90.8 152.84 54.0
91.2 153.02 54.0
91.6 153.19 54.0
94.8 152.93 54.0
95.08 152.8 54.0
89.78 152.4 54.0
90.0 152.54 54.0
90.4 152.69 54.0
95.2 152.75 54.0
95.6 152.66 54.0
96.0 152.44 54.0
96.0 152.4 53.64
96.05 152.4 54.0
89.2 152.0 53.91
89.6 152.29 54.0
89.23 152.0 54.0
96.4 152.13 54.0
96.53 152.0 54.0
88.73 151.6 54.0
88.8 151.66 54.0
89.2 151.96 54.0
96.8 151.73 54.0
96.93 151.6 54.0
88.34 151.2 54.0
88.4 151.24 54.0
97.19 151.2 54.0
97.2 151.2 53.97
88.0 150.8 53.84
88.07 150.8 54.0
97.2 151.19 54.0
97.48 150.8 54.0
87.76 150.4 54.0
88.0 150.74 54.0
97.6 150.61 54.0
97.73 150.4 54.0
87.58 150.0 54.0
87.6 150.05 54.0
97.95 150.0 54.0
87.4 149.6 54.0
98.0 149.93 54.0
98.18 149.6 54.0
87.28 149.2 54.0
98.29 149.2 54.0
87.2 148.8 53.9
87.22 148.8 54.0
98.38 148.8 54.0
87.11 148.4 54.0
87.2 148.72 54.0
98.38 148.4 54.0
87.07 148.0 54.0
98.3 148.0 54.0
87.05 147.6 54.0
98.17 147.6 54.0
87.07 147.2 54.0
97.96 147.2 54.0
98.0 147.2 53.86
98.0 147.28 54.0
87.08 146.8 54.0
97.82 146.8 54.0
87.09 146.4 54.0
97.59 146.4 54.0
97.6 146.4 53.96
97.6 146.41 54.0
87.09 146.0 54.0
97.29 146.0 54.0
87.13 145.6 54.0
96.82 145.6 54.0
97.2 145.95 54.0
87.2 145.36 54.0
87.24 145.2 54.0
96.27 145.2 54.0
96.4 145.29 54.0
96.8 145.57 54.0
87.33 144.8 54.0
95.58 144.8 54.0
95.6 144.8 53.97
95.6 144.81 54.0
96.0 145.0 54.0
87.47 144.4 54.0
94.79 144.4 54.0
94.8 144.4 53.99
94.8 144.4 54.0
95.2 144.57 54.0
87.6 144.12 54.0
87.66 144.0 54.0
94.08 144.0 54.0
94.4 144.17 54.0
87.93 143.6 54.0
93.29 143.6 54.0
93.6 143.75 54.0
94.0 143.96 54.0
88.0 143.55 54.0
88.39 143.2 54.0
92.29 143.2 54.0
92.4 143.2 53.85
92.4 143.25 54.0
92.8 143.37 54.0
93.2 143.56 54.0
88.4 143.18 54.0
88.8 142.86 54.0
88.93 142.8 54.0
91.73 142.8 54.0
92.0 143.07 54.0
89.2 142.66 54.0
89.6 142.51 54.0
90.0 142.4 53.95
90.0 142.41 54.0
90.03 142.4 54.0
91.19 142.4 54.0
91.2 142.4 54.0
91.6 142.63 54.0
90.4 142.25 54.0
90.8 142.16 54.0
93.6 153.6 54.02
92.0 153.2 54.31
92.4 153.31 54.4
92.11 153.2 54.4
92.8 153.42 54.4
93.2 153.47 54.4
93.6 153.47 54.4
94.0 153.33 54.4
94.15 153.2 54.4
94.4 153.2 54.16
90.8 152.8 54.12
91.2 152.85 54.4
91.05 152.8 54.4
91.6 153.03 54.4
92.0 153.16 54.4
94.4 152.96 54.4
94.63 152.8 54.4
94.8 152.8 54.21
89.85 152.4 54.4
90.0 152.48 54.4
90.4 152.62 54.4
90.8 152.71 54.4
94.8 152.68 54.4
95.2 152.65 54.4
95.6 152.62 54.4
95.94 152.4 54.4
96.0 152.4 54.2
89.32 152.0 54.4
89.6 152.27 54.4
96.0 152.36 54.4
96.4 152.01 54.4
96.42 152.0 54.4
88.8 151.6 54.16
89.2 151.88 54.4
88.9 151.6 54.4
96.74 151.6 54.4
96.8 151.6 54.32
88.4 151.2 54.11
88.5 151.2 54.4
88.8 151.51 54.4
96.8 151.56 54.4
97.07 151.2 54.4
88.17 150.8 54.4
88.4 151.08 54.4
97.2 151.01 54.4
97.35 150.8 54.4
87.89 150.4 54.4
88.0 150.55 54.4
97.58 150.4 54.4
97.6 150.4 54.35
87.6 150.0 54.08
87.69 150.0 54.4
97.6 150.37 54.4
97.87 150.0 54.4
87.54 149.6 54.4
87.6 149.77 54.4
97.99 149.6 54.4
98.0 149.6 54.38
87.37 149.2 54.4
98.0 149.55 54.4
98.09 149.2 54.4
87.31 148.8 54.4
98.17 148.8 54.4
87.2 148.4 54.27
87.24 148.4 54.4
98.17 148.4 54.4
87.2 148.0 54.4
87.2 148.03 54.4
98.08 148.0 54.4
87.14 147.6 54.4
97.95 147.6 54.4
98.0 147.6 54.31
98.0 147.75 54.4
87.14 147.2 54.4
97.83 147.2 54.4
87.13 146.8 54.4
97.65 146.8 54.4
87.13 146.4 54.4
97.43 146.4 54.4
97.6 146.71 54.4
87.16 146.0 54.4
97.1 146.0 54.4
97.2 146.0 54.13
97.2 146.12 54.4
87.2 145.6 54.34
87.2 145.7 54.4
87.21 145.6 54.4
96.63 145.6 54.4
96.8 145.6 54.06
96.8 145.73 54.4
87.27 145.2 54.4
95.97 145.2 54.4
96.0 145.2 54.35
96.0 145.23 54.4
96.4 145.42 54.4
87.37 144.8 54.4
95.22 144.8 54.4
95.6 144.95 54.4
87.52 144.4 54.4
94.57 144.4 54.4
94.8 144.51 54.4
95.2 144.79 54.4
87.6 144.24 54.4
87.72 144.0 54.4
93.69 144.0 54.4
94.0 144.0 54.09
94.0 144.13 54.4
94.4 144.32 54.4
88.0 143.6 54.21
88.0 143.65 54.4
88.04 143.6 54.4
92.86 143.6 54.4
93.2 143.6 54.1
93.2 143.72 54.4
93.6 143.96 54.4
88.4 143.2 54.1
88.4 143.24 54.4
88.44 143.2 54.4
91.92 143.2 54.4
92.0 143.2 54.26
92.0 143.27 54.4
92.4 143.43 54.4
92.8 143.58 54.4
88.8 142.89 54.4
89.0 142.8 54.4
91.57 142.8 54.4
91.6 142.8 54.33
91.6 142.84 54.4
89.2 142.71 54.4
89.6 142.56 54.4
90.0 142.46 54.4
90.21 142.4 54.4
91.2 142.4 54.01
91.37 142.4 54.4
90.4 142.35 54.4
90.8 142.24 54.4
91.2 142.25 54.4
92.4 153.2 54.6
92.8 153.2 54.76
93.2 153.31 54.8
92.88 153.2 54.8
93.6 153.24 54.8
93.65 153.2 54.8
94.0 153.2 54.53
91.2 152.8 54.51
91.6 152.8 54.79
92.0 152.99 54.8
91.62 152.8 54.8
92.4 153.1 54.8
92.8 153.18 54.8
94.0 152.93 54.8
94.16 152.8 54.8
94.4 152.8 54.58
89.68 152.4 54.8
90.0 152.54 54.8
90.4 152.59 54.8
90.8 152.64 54.8
91.2 152.67 54.8
91.6 152.79 54.8
94.4 152.61 54.8
94.8 152.41 54.8
94.89 152.4 54.8
95.2 152.4 54.74
95.6 152.4 54.71
89.2 152.0 54.8
89.6 152.37 54.8
95.2 152.36 54.8
95.6 152.34 54.8
96.0 152.19 54.8
96.23 152.0 54.8
96.4 152.0 54.42
88.91 151.6 54.8
89.2 151.99 54.8
96.4 151.85 54.8
96.64 151.6 54.8
88.61 151.2 54.8
88.8 151.45 54.8
96.8 151.37 54.8
96.92 151.2 54.8
88.3 150.8 54.8
88.4 150.92 54.8
97.15 150.8 54.8
97.2 150.8 54.72
88.0 150.4 54.72
88.03 150.4 54.8
97.2 150.75 54.8
97.44 150.4 54.8
87.77 150.0 54.8
88.0 150.36 54.8
97.6 150.04 54.8
97.62 150.0 54.8
87.6 149.6 54.64
87.64 149.6 54.8
97.77 149.6 54.8
87.45 149.2 54.8
87.6 149.51 54.8
97.86 149.2 54.8
98.0 149.2 54.56
87.36 148.8 54.8
98.0 148.8 54.71
97.95 148.8 54.8
87.27 148.4 54.8
98.0 148.4 54.72
97.96 148.4 54.8
87.2 148.0 54.46
87.22 148.0 54.8
98.0 148.0 54.59
97.9 148.0 54.8
87.19 147.6 54.8
87.2 147.7 54.8
97.79 147.6 54.8
87.17 147.2 54.8
97.6 147.2 54.8
97.6 147.2 54.79
97.6 147.21 54.8
87.14 146.8 54.8
97.6 146.8 54.49
97.42 146.8 54.8
87.15 146.4 54.8
97.16 146.4 54.8
97.2 146.4 54.74
97.2 146.47 54.8
87.18 146.0 54.8
96.82 146.0 54.8
87.2 145.82 54.8
87.22 145.6 54.8
96.3 145.6 54.8
96.4 145.6 54.69
96.4 145.66 54.8
96.8 145.99 54.8
87.29 145.2 54.8
95.49 145.2 54.8
95.6 145.2 54.73
95.6 145.25 54.8
96.0 145.41 54.8
87.38 144.8 54.8
94.79 144.8 54.8
94.8 144.8 54.79
94.8 144.81 54.8
95.2 144.8 54.42
95.2 145.02 54.8
87.55 144.4 54.8
94.12 144.4 54.8
94.4 144.4 54.55
94.4 144.54 54.8
87.6 144.28 54.8
87.73 144.0 54.8
93.25 144.0 54.8
93.6 144.0 54.47
93.6 144.16 54.8
94.0 144.34 54.8
88.0 143.63 54.8
88.02 143.6 54.8
92.26 143.6 54.8
92.4 143.6 54.69
92.4 143.66 54.8
92.8 143.6 54.44
92.8 143.77 54.8
93.2 143.98 54.8
88.4 143.21 54.8
88.41 143.2 54.8
91.56 143.2 54.8
91.6 143.2 54.75
91.6 143.25 54.8
92.0 143.46 54.8
88.8 142.88 54.8
89.0 142.8 54.8
91.38 142.8 54.8
89.2 142.72 54.8
89.6 142.57 54.8
90.0 142.5 54.8
90.4 142.4 54.63
90.4 142.44 54.8
90.76 142.4 54.8
90.81 142.4 54.8
91.2 142.4 54.61
91.2 142.58 54.8
90.8 142.4 54.8
93.2 153.2 54.96
93.6 153.2 54.84
94.0 152.8 54.91
94.8 152.4 54.83
89.2 152.0 54.81
97.6 150.0 54.88
87.2 147.6 54.91
87.2 146.0 54.98
96.8 146.0 54.81
94.0 144.4 54.94
93.2 144.0 54.88
91.6 143.2 54.88
91.6 142.8 54.94
90.4 142.4 54.84
