0.0928 0.15244 0.056
0.09 0.15203 0.056
0.09359999999999999 0.15234 0.056
0.08938 0.15159999999999998 0.056
0.0952 0.152 0.056
0.08911 0.1512 0.056
0.0964 0.15080000000000002 0.056
0.08865 0.1504 0.056
0.0968 0.15080000000000002 0.056
0.08842 0.15 0.056
0.09720000000000001 0.1504 0.056
0.08815 0.14959999999999998 0.056
0.09759999999999999 0.14999 0.056
0.08793000000000001 0.1492 0.056
0.098 0.1492 0.056
0.08775 0.14880000000000002 0.056
0.098 0.14880000000000002 0.056
0.0876 0.1484 0.056
0.09759999999999999 0.1484 0.056
0.08745 0.148 0.056
0.09759999999999999 0.148 0.056
0.08738 0.14759999999999998 0.056
0.09759000000000001 0.14759999999999998 0.056
0.08734 0.1472 0.056
0.09759999999999999 0.1472 0.056
0.08731 0.1468 0.056
0.09759999999999999 0.1468 0.056
0.08726 0.1464 0.056
0.09720000000000001 0.1464 0.056
0.0872 0.146 0.056
0.0968 0.146 0.056
0.0872 0.1456 0.056
0.0948 0.1456 0.056
0.0872 0.1452 0.056
0.09440000000000001 0.1452 0.056
0.0872 0.1448 0.056
0.09440000000000001 0.1448 0.056
0.0876 0.1444 0.056
0.094 0.1444 0.056
0.088 0.144 0.056
0.09359999999999999 0.144 0.056
0.088 0.1436 0.056
0.0928 0.1436 0.0564
0.0884 0.1432 0.056
0.0928 0.1524 0.05607
0.09 0.152 0.05609
0.0896 0.15159999999999998 0.05631
0.0948 0.152 0.0564
0.0958 0.151 0.0564
0.0892 0.1512 0.05615
0.0964 0.1504 0.0564
0.08861 0.15 0.0564
0.0964 0.1504 0.0564
0.0884 0.14959999999999998 0.05639
0.0968 0.15 0.0564
0.088 0.1492 0.05615
0.09720000000000001 0.14959999999999998 0.0564
0.08785 0.14880000000000002 0.0564
0.09720000000000001 0.14880000000000002 0.0564
0.0876 0.1484 0.05607
0.09720000000000001 0.1484 0.0564
0.08731 0.148 0.0564
0.09720000000000001 0.148 0.0564
0.0876 0.14759999999999998 0.05639
0.09720000000000001 0.14759999999999998 0.0564
0.0876 0.1472 0.05639
0.09720000000000001 0.1472 0.0564
0.0872 0.1468 0.0564
0.09720000000000001 0.1468 0.0564
0.0872 0.1464 0.0564
0.0968 0.1464 0.0564
0.0872 0.146 0.0564
0.0964 0.146 0.0564
0.0872 0.1456 0.0564
0.094 0.1456 0.0564
0.0872 0.1452 0.0564
0.094 0.1452 0.0564
0.0872 0.1448 0.0564
0.09359999999999999 0.1448 0.0564
0.0876 0.1444 0.0564
0.0932 0.1444 0.0564
0.088 0.144 0.0564
0.0932 0.144 0.0564
0.0884 0.1436 0.0564
0.09240000000000001 0.1436 0.0564
0.0892 0.1432 0.0564
0.09079999999999999 0.1428 0.0564
0.092 0.152 0.0564
0.09 0.15159999999999998 0.0564
0.094 0.15159999999999998 0.0564
0.0896 0.1512 0.0564
0.0928 0.1512 0.0564
0.0892 0.15080000000000002 0.0564
0.0928 0.15080000000000002 0.0564
0.0892 0.1504 0.0564
0.092 0.1504 0.0564
0.0888 0.15 0.0564
0.0888 0.14959999999999998 0.0564
0.09359999999999999 0.14959999999999998 0.0564
0.0884 0.1492 0.0564
0.088 0.14880000000000002 0.0564
0.088 0.1484 0.0564
0.0876 0.148 0.0564
0.09359999999999999 0.1468 0.0564
0.088 0.14759999999999998 0.0564
0.09440000000000001 0.14759999999999998 0.0564
0.088 0.1472 0.0564
0.09040000000000001 0.1472 0.0564
0.094 0.1472 0.0564
0.0876 0.1468 0.0564
0.09079999999999999 0.1468 0.056409999999999995
0.0876 0.1464 0.0564
0.09040000000000001 0.1464 0.0564
0.0876 0.146 0.0564
0.0876 0.1456 0.0564
0.088 0.1452 0.0564
0.0876 0.1448 0.0564
0.088 0.1444 0.0564
0.0884 0.144 0.0564
0.0892 0.1436 0.0564
0.09040000000000001 0.1436 0.0564
0.09079999999999999 0.1432 0.0564
0.092 0.15280000000000002 0.0564
0.092 0.15280000000000002 0.055119999999999995
0.092 0.15280000000000002 0.055119999999999995
0.08961 0.1524 0.055200000000000006
0.094 0.15247999999999998 0.055200000000000006
0.08907 0.152 0.055200000000000006
0.09440000000000001 0.15230000000000002 0.055200000000000006
0.08887 0.15159999999999998 0.055200000000000006
0.096 0.15197999999999998 0.055200000000000006
0.08868000000000001 0.1512 0.055200000000000006
0.0968 0.15124 0.055200000000000006
0.0884 0.15080000000000002 0.055049999999999995
0.09712 0.15080000000000002 0.055200000000000006
0.08818000000000001 0.1504 0.055200000000000006
0.09720000000000001 0.15067 0.055200000000000006
0.08793000000000001 0.15 0.055200000000000006
0.09754 0.15 0.055200000000000006
0.08774 0.14959999999999998 0.055200000000000006
0.09759999999999999 0.14986000000000002 0.055200000000000006
0.0876 0.1492 0.055200000000000006
0.0979 0.1492 0.055200000000000006
0.08742 0.14880000000000002 0.055200000000000006
0.09798 0.14880000000000002 0.055200000000000006
0.08733 0.1484 0.055200000000000006
0.09794 0.1484 0.055200000000000006
0.08726 0.148 0.055200000000000006
0.09781999999999999 0.148 0.055200000000000006
0.08721999999999999 0.14759999999999998 0.055200000000000006
0.09759000000000001 0.14759999999999998 0.055200000000000006
0.0872 0.1472 0.055159999999999994
0.09734999999999999 0.1472 0.055200000000000006
0.0872 0.1468 0.055200000000000006
0.09705 0.1468 0.055200000000000006
0.0872 0.1464 0.05514
0.09673999999999999 0.1464 0.055200000000000006
0.08721999999999999 0.146 0.055200000000000006
0.09648000000000001 0.146 0.055200000000000006
0.08724 0.1456 0.055200000000000006
0.09602 0.1456 0.055200000000000006
0.08731 0.1452 0.055200000000000006
0.09508 0.1452 0.055200000000000006
0.0874 0.1448 0.055200000000000006
0.09441 0.1448 0.055200000000000006
0.08759 0.1444 0.055200000000000006
0.09381 0.1444 0.055200000000000006
0.0876 0.14438 0.055200000000000006
0.09305 0.144 0.055200000000000006
0.088 0.14367 0.055200000000000006
0.09226999999999999 0.1436 0.055200000000000006
0.0884 0.1433 0.055200000000000006
0.092 0.14331 0.055200000000000006
0.0888 0.14289 0.055200000000000006
0.092 0.1428 0.055060000000000005
0.0892 0.14241 0.055200000000000006
0.09040000000000001 0.142 0.055200000000000006
0.09240000000000001 0.15280000000000002 0.055369999999999996
0.09 0.1524 0.05546
0.0892 0.152 0.0554
0.094 0.15231 0.055600000000000004
0.08902 0.15159999999999998 0.055600000000000004
0.09559999999999999 0.152 0.055600000000000004
0.0888 0.1512 0.05546
0.096 0.15159999999999998 0.055600000000000004
0.08863 0.15080000000000002 0.055600000000000004
0.0964 0.1512 0.055600000000000004
0.0884 0.1504 0.05559
0.09720000000000001 0.15067 0.055600000000000004
0.088 0.15 0.05534
0.09756999999999999 0.15 0.055600000000000004
0.0879 0.14959999999999998 0.055600000000000004
0.09759999999999999 0.14995 0.055600000000000004
0.0876 0.1492 0.05521
0.09798 0.1492 0.055600000000000004
0.0876 0.14880000000000002 0.05557
0.098 0.14880000000000002 0.055600000000000004
0.08744 0.1484 0.055600000000000004
0.09794 0.1484 0.055600000000000004
0.08735 0.148 0.055600000000000004
0.09775 0.148 0.055600000000000004
0.08729 0.14759999999999998 0.055600000000000004
0.0974 0.14759999999999998 0.055600000000000004
0.08726 0.1472 0.055600000000000004
0.09705 0.1472 0.055600000000000004
0.0872 0.1468 0.055229999999999994
0.09677 0.1468 0.055600000000000004
0.08724 0.1464 0.055600000000000004
0.09667 0.1464 0.055600000000000004
0.08724 0.146 0.055600000000000004
0.09659999999999999 0.146 0.055600000000000004
0.08726 0.1456 0.055600000000000004
0.09559999999999999 0.1456 0.055600000000000004
0.08731 0.1452 0.055600000000000004
0.0952 0.1452 0.055600000000000004
0.08735 0.1448 0.055600000000000004
0.0948 0.1448 0.055600000000000004
0.08744 0.1444 0.055600000000000004
0.094 0.1444 0.05528
0.0876 0.14401 0.055600000000000004
0.0932 0.144 0.05526
0.088 0.1436 0.055600000000000004
0.09240000000000001 0.1436 0.055240000000000004
0.0884 0.1432 0.055600000000000004
0.092 0.1432 0.055240000000000004
0.0888 0.1428 0.055600000000000004
0.0916 0.1428 0.055600000000000004
0.09 0.1424 0.055600000000000004
0.092 0.1524 0.05575
0.09359999999999999 0.1524 0.05588
0.0896 0.152 0.05582
0.0952 0.152 0.055979999999999995
0.0892 0.15159999999999998 0.055799999999999995
0.09559999999999999 0.15159999999999998 0.056
0.0888 0.15080000000000002 0.05583
0.0968 0.15080000000000002 0.055990000000000005
0.0884 0.15 0.055979999999999995
0.09759999999999999 0.1484 0.055990000000000005
0.0948 0.1456 0.056
0.0876 0.1444 0.055990000000000005
0.0888 0.1432 0.056
0.09359999999999999 0.15361000000000002 0.056
0.09359999999999999 0.15361000000000002 0.054
0.09359999999999999 0.15361000000000002 0.054
0.092 0.15335 0.054
0.09068999999999999 0.15280000000000002 0.054
0.0948 0.15293 0.054
0.08978 0.1524 0.054
0.0952 0.15275 0.054
0.0896 0.15228999999999998 0.054
0.0964 0.15213 0.054
0.08873 0.15159999999999998 0.054
0.0968 0.15172999999999998 0.054
0.08834 0.1512 0.054
0.09719 0.1512 0.054
0.08807 0.15080000000000002 0.054
0.09720000000000001 0.15119 0.054
0.08776 0.1504 0.054
0.09759999999999999 0.15061000000000002 0.054
0.08758 0.15 0.054
0.09795000000000001 0.15 0.054
0.0874 0.14959999999999998 0.054
0.098 0.14993 0.054
0.08728 0.1492 0.054
0.09829 0.1492 0.054
0.08721999999999999 0.14880000000000002 0.054
0.09838 0.14880000000000002 0.054
0.08710999999999999 0.1484 0.054
0.09838 0.1484 0.054
0.08707 0.148 0.054
0.0983 0.148 0.054
0.08705 0.14759999999999998 0.054
0.09817000000000001 0.14759999999999998 0.054
0.08707 0.1472 0.054
0.09795999999999999 0.1472 0.054
0.08708 0.1468 0.054
0.09781999999999999 0.1468 0.054
0.08709 0.1464 0.054
0.09759000000000001 0.1464 0.054
0.08709 0.146 0.054
0.09729 0.146 0.054
0.08713 0.1456 0.054
0.09681999999999999 0.1456 0.054
0.0872 0.14536000000000002 0.054
0.09627 0.1452 0.054
0.08733 0.1448 0.054
0.09558 0.1448 0.054
0.08746999999999999 0.1444 0.054
0.09479000000000001 0.1444 0.054
0.0876 0.14412 0.054
0.09408 0.144 0.054
0.08793000000000001 0.1436 0.054
0.09329000000000001 0.1436 0.054
0.088 0.14355 0.054
0.09229000000000001 0.1432 0.054
0.0884 0.14318 0.054
0.09173 0.1428 0.054
0.0892 0.14266 0.054
0.09119 0.1424 0.054
0.09040000000000001 0.14225 0.054
0.09359999999999999 0.1536 0.054020000000000006
0.092 0.15319999999999998 0.054310000000000004
0.09079999999999999 0.15280000000000002 0.054119999999999994
0.09440000000000001 0.15296 0.0544
0.08985 0.1524 0.0544
0.0948 0.15268 0.0544
0.08932 0.152 0.0544
0.096 0.15236000000000002 0.0544
0.0888 0.15159999999999998 0.05416
0.09673999999999999 0.15159999999999998 0.0544
0.0884 0.1512 0.05411
0.0968 0.15156 0.0544
0.08817 0.15080000000000002 0.0544
0.09720000000000001 0.15100999999999998 0.0544
0.08789 0.1504 0.0544
0.09758 0.1504 0.0544
0.0876 0.15 0.054079999999999996
0.09759999999999999 0.15037 0.0544
0.08754 0.14959999999999998 0.0544
0.09799 0.14959999999999998 0.0544
0.08737 0.1492 0.0544
0.098 0.14955000000000002 0.0544
0.08731 0.14880000000000002 0.0544
0.09817000000000001 0.14880000000000002 0.0544
0.0872 0.1484 0.054270000000000006
0.09817000000000001 0.1484 0.0544
0.0872 0.148 0.0544
0.09808 0.148 0.0544
0.08714 0.14759999999999998 0.0544
0.09795000000000001 0.14759999999999998 0.0544
0.08714 0.1472 0.0544
0.09783 0.1472 0.0544
0.08713 0.1468 0.0544
0.09765 0.1468 0.0544
0.08713 0.1464 0.0544
0.09743 0.1464 0.0544
0.08716 0.146 0.0544
0.09709999999999999 0.146 0.0544
0.0872 0.1456 0.054340000000000006
0.09663 0.1456 0.0544
0.08727 0.1452 0.0544
0.09597 0.1452 0.0544
0.08737 0.1448 0.0544
0.09522 0.1448 0.0544
0.08752 0.1444 0.0544
0.09456999999999999 0.1444 0.0544
0.0876 0.14424 0.0544
0.09369 0.144 0.0544
0.088 0.1436 0.05421
0.09286 0.1436 0.0544
0.0884 0.1432 0.0541
0.09192 0.1432 0.0544
0.0888 0.14289 0.0544
0.09157 0.1428 0.0544
0.0892 0.14271 0.0544
0.0912 0.1424 0.054009999999999996
0.09240000000000001 0.15319999999999998 0.0546
0.0912 0.15280000000000002 0.054509999999999996
0.094 0.15293 0.054799999999999995
0.08968000000000001 0.1524 0.054799999999999995
0.09440000000000001 0.15261000000000002 0.054799999999999995
0.0892 0.152 0.054799999999999995
0.0952 0.15236000000000002 0.054799999999999995
0.08891 0.15159999999999998 0.054799999999999995
0.0964 0.15184999999999998 0.054799999999999995
0.08861 0.1512 0.054799999999999995
0.0968 0.15137 0.054799999999999995
0.0883 0.15080000000000002 0.054799999999999995
0.09715 0.15080000000000002 0.054799999999999995
0.088 0.1504 0.05472
0.09720000000000001 0.15075 0.054799999999999995
0.08777 0.15 0.054799999999999995
0.09759999999999999 0.15003999999999998 0.054799999999999995
0.0876 0.14959999999999998 0.05464
0.09777 0.14959999999999998 0.054799999999999995
0.08745 0.1492 0.054799999999999995
0.09786 0.1492 0.054799999999999995
0.08736 0.14880000000000002 0.054799999999999995
0.098 0.14880000000000002 0.05471
0.08727 0.1484 0.054799999999999995
0.098 0.1484 0.05472
0.0872 0.148 0.05446
0.098 0.148 0.05459000000000001
0.08719 0.14759999999999998 0.054799999999999995
0.09779 0.14759999999999998 0.054799999999999995
0.08717 0.1472 0.054799999999999995
0.09759999999999999 0.1472 0.054799999999999995
0.08714 0.1468 0.054799999999999995
0.09759999999999999 0.1468 0.054490000000000004
0.08715 0.1464 0.054799999999999995
0.09716 0.1464 0.054799999999999995
0.08718000000000001 0.146 0.054799999999999995
0.09681999999999999 0.146 0.054799999999999995
0.0872 0.14582 0.054799999999999995
0.0963 0.1456 0.054799999999999995
0.08729 0.1452 0.054799999999999995
0.09548999999999999 0.1452 0.054799999999999995
0.08738 0.1448 0.054799999999999995
0.09479000000000001 0.1448 0.054799999999999995
0.08755 0.1444 0.054799999999999995
0.09412000000000001 0.1444 0.054799999999999995
0.0876 0.14428 0.054799999999999995
0.09325 0.144 0.054799999999999995
0.088 0.14363 0.054799999999999995
0.09226000000000001 0.1436 0.054799999999999995
0.0884 0.14321 0.054799999999999995
0.09156 0.1432 0.054799999999999995
0.0888 0.14288 0.054799999999999995
0.09137999999999999 0.1428 0.054799999999999995
0.0892 0.14271999999999999 0.054799999999999995
0.0932 0.15319999999999998 0.05496
0.0892 0.152 0.054810000000000005
0.09759999999999999 0.15 0.054880000000000005
0.0872 0.14759999999999998 0.054909999999999994
0.0872 0.146 0.054979999999999994
0.0968 0.146 0.054810000000000005
0.094 0.1444 0.054939999999999996
0.0916 0.1432 0.054880000000000005
0.09040000000000001 0.1424 0.05484000000000001
0.09240000000000001 0.1428 0.05484000000000001
0.09240000000000001 0.1428 0.053200000000000004
0.09240000000000001 0.1428 0.053200000000000004
0.09440000000000001 0.144 0.053200000000000004
0.09273999999999999 0.1536 0.053200000000000004
0.09126999999999999 0.15319999999999998 0.053200000000000004
0.09440000000000001 0.15353 0.053200000000000004
0.09038 0.15280000000000002 0.053200000000000004
0.0948 0.15299000000000001 0.053200000000000004
0.09 0.15262 0.053200000000000004
0.0952 0.1527 0.053200000000000004
0.089 0.152 0.053200000000000004
0.096 0.15234 0.053200000000000004
0.08855 0.15159999999999998 0.053200000000000004
0.0968 0.15175999999999998 0.053200000000000004
0.08813 0.1512 0.053200000000000004
0.09720000000000001 0.15134 0.053200000000000004
0.08779 0.15080000000000002 0.053200000000000004
0.09756999999999999 0.15080000000000002 0.053200000000000004
0.0876 0.1504 0.05319
0.09759999999999999 0.15075999999999998 0.053200000000000004
0.08735 0.15 0.053200000000000004
0.098 0.15011000000000002 0.053200000000000004
0.08724 0.14959999999999998 0.053200000000000004
0.09829 0.14959999999999998 0.053200000000000004
0.08713 0.1492 0.053200000000000004
0.0984 0.1492 0.053200000000000004
0.08703 0.14880000000000002 0.053200000000000004
0.0984 0.1484 0.053200000000000004
0.08698 0.148 0.053200000000000004
0.0984 0.148 0.053200000000000004
0.08699 0.14759999999999998 0.053200000000000004
0.09831000000000001 0.14759999999999998 0.053200000000000004
0.08701 0.1472 0.053200000000000004
0.09815 0.1472 0.053200000000000004
0.08701 0.1468 0.053200000000000004
0.09792000000000001 0.1468 0.053200000000000004
0.08703 0.1464 0.053200000000000004
0.09775 0.1464 0.053200000000000004
0.08703 0.146 0.053200000000000004
0.09749 0.146 0.053200000000000004
0.08707 0.1456 0.053200000000000004
0.09705 0.1456 0.053200000000000004
0.08719 0.1452 0.053200000000000004
0.09641 0.1452 0.053200000000000004
0.0872 0.14515999999999998 0.053200000000000004
0.09591 0.1448 0.053200000000000004
0.0874 0.1444 0.053200000000000004
0.0948 0.1444 0.053200000000000004
0.0876 0.14407 0.053200000000000004
0.09440000000000001 0.144 0.053200000000000004
0.08784 0.1436 0.053200000000000004
0.094 0.1436 0.053200000000000004
0.088 0.14342 0.053200000000000004
0.0932 0.1432 0.053200000000000004
0.0884 0.143 0.053200000000000004
0.09240000000000001 0.1428 0.053200000000000004
0.0888 0.14278 0.053200000000000004
0.09119 0.1424 0.053200000000000004
0.09 0.14229 0.053200000000000004
0.09273999999999999 0.1536 0.0536
0.09139 0.15319999999999998 0.0536
0.09440000000000001 0.15358000000000002 0.0536
0.09040000000000001 0.15280000000000002 0.05328
0.0948 0.15309999999999999 0.0536
0.08968999999999999 0.1524 0.0536
0.0952 0.15275 0.0536
0.08907999999999999 0.152 0.0536
0.096 0.1524 0.0536
0.0886 0.15159999999999998 0.0536
0.0968 0.15180000000000002 0.0536
0.08823 0.1512 0.0536
0.09720000000000001 0.15133000000000002 0.0536
0.08792 0.15080000000000002 0.0536
0.09754 0.15080000000000002 0.0536
0.08771 0.1504 0.0536
0.09759999999999999 0.15073 0.0536
0.08743000000000001 0.15 0.0536
0.09799 0.15 0.0536
0.0873 0.14959999999999998 0.0536
0.098 0.14999 0.0536
0.0872 0.1492 0.05348
0.09839 0.1492 0.0536
0.08712 0.14880000000000002 0.0536
0.0984 0.14880000000000002 0.0536
0.08703 0.1484 0.0536
0.0984 0.1484 0.0536
0.08703 0.148 0.0536
0.09838 0.148 0.0536
0.08701 0.14759999999999998 0.0536
0.09825 0.14759999999999998 0.0536
0.08702 0.1472 0.0536
0.09808 0.1472 0.0536
0.08702 0.1468 0.0536
0.09787 0.1468 0.0536
0.08706 0.1464 0.0536
0.09768 0.1464 0.0536
0.08706 0.146 0.0536
0.09739 0.146 0.0536
0.08708 0.1456 0.0536
0.09697 0.1456 0.0536
0.0872 0.1452 0.05331
0.09639 0.1452 0.0536
0.0873 0.1448 0.0536
0.09581 0.1448 0.0536
0.08745 0.1444 0.0536
0.0948 0.1444 0.05321
0.0876 0.1441 0.0536
0.09439 0.144 0.0536
0.08786 0.1436 0.0536
0.09356999999999999 0.1436 0.0536
0.088 0.14347 0.0536
0.09262999999999999 0.1432 0.0536
0.0884 0.14306 0.0536
0.09187999999999999 0.1428 0.0536
0.0892 0.14259 0.0536
0.09119 0.1424 0.0536
0.09 0.14232 0.0536
0.0928 0.1536 0.05366
0.0916 0.15319999999999998 0.05396
0.096 0.1524 0.05364
0.0892 0.152 0.05391
0.09720000000000001 0.1512 0.05397
0.088 0.15080000000000002 0.053840000000000006
0.0872 0.14880000000000002 0.053899999999999997
0.098 0.1472 0.05386
0.09559999999999999 0.1448 0.05397
0.09240000000000001 0.1432 0.05385
0.09 0.1424 0.053950000000000005
0.0912 0.1424 0.053950000000000005
0.0912 0.1424 0.052
0.0912 0.1424 0.052
0.09359999999999999 0.1436 0.052399999999999995
0.09162999999999999 0.15319999999999998 0.052
0.09051999999999999 0.15280000000000002 0.052
0.09440000000000001 0.15293 0.052
0.08967 0.1524 0.052
0.0948 0.15263 0.052
0.089 0.152 0.052
0.0952 0.1524 0.052
0.08849 0.15159999999999998 0.052
0.096 0.15197999999999998 0.052
0.08806 0.1512 0.052
0.0968 0.15142 0.052
0.0877 0.15080000000000002 0.052
0.09720000000000001 0.15097 0.052
0.08741 0.1504 0.052
0.09759000000000001 0.1504 0.052
0.08727 0.15 0.052
0.09759999999999999 0.15039 0.052
0.08713 0.14959999999999998 0.052
0.098 0.14987999999999999 0.052
0.08701 0.1492 0.052
0.09839 0.1492 0.052
0.08697 0.14880000000000002 0.052
0.0984 0.14880000000000002 0.052
0.08695 0.1484 0.052
0.0984 0.1484 0.052
0.08699 0.148 0.052
0.09834999999999999 0.148 0.052
0.08703 0.14759999999999998 0.052
0.09820999999999999 0.14759999999999998 0.052
0.08707 0.1472 0.052
0.09802 0.1472 0.052
0.08714 0.1468 0.052
0.098 0.14715999999999999 0.052
0.08715 0.1464 0.052
0.09759000000000001 0.1464 0.052
0.08710999999999999 0.146 0.052
0.09733 0.146 0.052
0.08716 0.1456 0.052
0.09720000000000001 0.14587 0.052
0.0872 0.14536000000000002 0.052
0.0968 0.14547 0.052
0.08728 0.1448 0.052
0.096 0.1448 0.052
0.08734 0.1444 0.052
0.0948 0.1444 0.052
0.0875 0.144 0.052
0.094 0.1436 0.052
0.0876 0.14375 0.052
0.0928 0.1432 0.052
0.088 0.14311000000000001 0.052
0.09240000000000001 0.1428 0.052
0.0884 0.14276 0.052
0.0912 0.1424 0.052399999999999995
0.0896 0.14221999999999999 0.052
0.0932 0.1536 0.052219999999999996
0.0916 0.15319999999999998 0.05205
0.094 0.15349000000000002 0.052399999999999995
0.09040000000000001 0.15280000000000002 0.05232
0.09440000000000001 0.15308000000000002 0.052399999999999995
0.0896 0.1524 0.052219999999999996
0.0948 0.15272 0.052399999999999995
0.08893999999999999 0.152 0.052399999999999995
0.09559999999999999 0.15231999999999998 0.052399999999999995
0.0885 0.15159999999999998 0.052399999999999995
0.0964 0.15188 0.052399999999999995
0.08806 0.1512 0.052399999999999995
0.0968 0.15153999999999998 0.052399999999999995
0.08771 0.15080000000000002 0.052399999999999995
0.09720000000000001 0.15112 0.052399999999999995
0.08742 0.1504 0.052399999999999995
0.09759999999999999 0.15056999999999998 0.052399999999999995
0.08726 0.15 0.052399999999999995
0.09799 0.15 0.052399999999999995
0.08713 0.14959999999999998 0.052399999999999995
0.098 0.14999 0.052399999999999995
0.08704 0.1492 0.052399999999999995
0.0984 0.1492 0.052399999999999995
0.08698 0.14880000000000002 0.052399999999999995
0.0984 0.14880000000000002 0.052399999999999995
0.08694 0.1484 0.052399999999999995
0.0984 0.1484 0.052399999999999995
0.08695 0.148 0.052399999999999995
0.09838 0.148 0.052399999999999995
0.08697 0.14759999999999998 0.052399999999999995
0.09825 0.14759999999999998 0.052399999999999995
0.08704 0.1472 0.052399999999999995
0.09808 0.1472 0.052399999999999995
0.08708 0.1468 0.052399999999999995
0.0979 0.1468 0.052399999999999995
0.0871 0.1464 0.052399999999999995
0.09759999999999999 0.1464 0.05203
0.08709 0.146 0.052399999999999995
0.09759999999999999 0.14627 0.052399999999999995
0.08710999999999999 0.1456 0.052399999999999995
0.09697 0.1456 0.052399999999999995
0.0872 0.14523 0.052399999999999995
0.0965 0.1452 0.052399999999999995
0.08726 0.1448 0.052399999999999995
0.096 0.1448 0.052399999999999995
0.08734 0.1444 0.052399999999999995
0.0948 0.1444 0.052399999999999995
0.08753 0.144 0.052399999999999995
0.0932 0.1432 0.052399999999999995
0.08799 0.1432 0.052399999999999995
0.0928 0.1432 0.052
0.088 0.14318999999999998 0.052399999999999995
0.0928 0.1428 0.052399999999999995
0.0888 0.14257 0.052399999999999995
0.0928 0.1536 0.05273
0.09126999999999999 0.15319999999999998 0.0528
0.09440000000000001 0.15327000000000002 0.0528
0.09026999999999999 0.15280000000000002 0.0528
0.09476000000000001 0.15280000000000002 0.0528
0.08959 0.1524 0.0528
0.0948 0.15275999999999998 0.0528
0.08897 0.152 0.0528
0.096 0.15225999999999998 0.0528
0.08852 0.15159999999999998 0.0528
0.0964 0.15197 0.0528
0.08807 0.1512 0.0528
0.09720000000000001 0.15127000000000002 0.0528
0.08774 0.15080000000000002 0.0528
0.09751 0.15080000000000002 0.0528
0.08749 0.1504 0.0528
0.09759999999999999 0.1507 0.0528
0.08732 0.15 0.0528
0.098 0.15006999999999998 0.0528
0.0872 0.14959999999999998 0.05273
0.09826 0.14959999999999998 0.0528
0.08707 0.1492 0.0528
0.0984 0.1492 0.0528
0.08699 0.14880000000000002 0.0528
0.0984 0.14880000000000002 0.0528
0.08694 0.1484 0.0528
0.0984 0.148 0.0528
0.08699 0.14759999999999998 0.0528
0.0983 0.14759999999999998 0.0528
0.08703 0.1472 0.0528
0.09814 0.1472 0.0528
0.08703 0.1468 0.0528
0.09794 0.1468 0.0528
0.08704 0.1464 0.0528
0.09775 0.1464 0.0528
0.08703 0.146 0.0528
0.09745000000000001 0.146 0.0528
0.08709 0.1456 0.0528
0.09704 0.1456 0.0528
0.0872 0.1452 0.0528
0.09642 0.1452 0.0528
0.0872 0.14517 0.0528
0.096 0.1448 0.05244
0.08735 0.1444 0.0528
0.0948 0.1444 0.0528
0.0876 0.144 0.05278
0.09359999999999999 0.1436 0.052399999999999995
0.088 0.1432 0.05248
0.09359999999999999 0.1432 0.0528
0.0884 0.14293 0.0528
0.0912 0.1424 0.0528
0.09 0.14221999999999999 0.0528
0.0948 0.15280000000000002 0.05289
0.0896 0.1524 0.05287
0.0964 0.152 0.05285
0.096 0.1448 0.05291
0.09240000000000001 0.1428 0.05291
0.09240000000000001 0.1428 0.0512
0.09240000000000001 0.1428 0.0512
0.0932 0.15319999999999998 0.05106
0.0916 0.15280000000000002 0.05104
0.094 0.15318 0.0512
0.09040000000000001 0.1524 0.0511
0.09469 0.1524 0.0512
0.08938 0.152 0.0512
0.0948 0.15234 0.0512
0.0888 0.15159999999999998 0.05115
0.09559999999999999 0.15191 0.0512
0.08824 0.1512 0.0512
0.0964 0.15145 0.0512
0.08785 0.15080000000000002 0.0512
0.0968 0.15109 0.0512
0.08761 0.1504 0.0512
0.09720000000000001 0.15066 0.0512
0.08736 0.15 0.0512
0.09759999999999999 0.15016 0.0512
0.08724 0.14959999999999998 0.0512
0.09798 0.14959999999999998 0.0512
0.08716 0.1492 0.0512
0.098 0.14958000000000002 0.0512
0.08710999999999999 0.14880000000000002 0.0512
0.09833 0.14880000000000002 0.0512
0.08710999999999999 0.1484 0.0512
0.09834 0.1484 0.0512
0.0872 0.148 0.05112
0.09825 0.148 0.0512
0.0872 0.14790999999999999 0.0512
0.098 0.14759999999999998 0.05107
0.0873 0.1472 0.0512
0.098 0.14752 0.0512
0.08731 0.1468 0.0512
0.09759999999999999 0.1468 0.05105
0.08729 0.1464 0.0512
0.09759999999999999 0.1467 0.0512
0.08728 0.146 0.0512
0.09720000000000001 0.14617 0.0512
0.08726 0.1456 0.0512
0.0968 0.14577 0.0512
0.08729 0.1452 0.0512
0.0964 0.14540999999999998 0.0512
0.08732 0.1448 0.0512
0.09559999999999999 0.1448 0.0512
0.08739 0.1444 0.0512
0.0952 0.1444 0.0512
0.08754 0.144 0.0512
0.09440000000000001 0.144 0.0512
0.0876 0.14384 0.0512
0.09359999999999999 0.1436 0.0512
0.0879 0.1432 0.0512
0.092 0.1428 0.0512
0.0884 0.14267 0.0512
0.0912 0.1424 0.0512
0.0892 0.14224 0.0512
0.09240000000000001 0.15319999999999998 0.05136
0.0912 0.15280000000000002 0.05129
0.09440000000000001 0.15284 0.0516
0.09 0.1524 0.05142
0.0948 0.15247999999999998 0.0516
0.0892 0.152 0.05147
0.0952 0.15225999999999998 0.0516
0.08855 0.15159999999999998 0.0516
0.096 0.15188 0.0516
0.08812 0.1512 0.0516
0.0964 0.15156 0.0516
0.08774 0.15080000000000002 0.0516
0.09720000000000001 0.15081 0.0516
0.0876 0.1504 0.05121
0.09745999999999999 0.1504 0.0516
0.08731 0.15 0.0516
0.09759999999999999 0.15028 0.0516
0.0872 0.14959999999999998 0.05149
0.098 0.14976 0.0516
0.08707 0.1492 0.0516
0.09831000000000001 0.1492 0.0516
0.087 0.14880000000000002 0.0516
0.0984 0.14880000000000002 0.0516
0.08701 0.1484 0.0516
0.0984 0.1484 0.0516
0.08706 0.148 0.0516
0.09831999999999999 0.148 0.0516
0.08713 0.14759999999999998 0.0516
0.09815 0.14759999999999998 0.0516
0.0872 0.1472 0.05147
0.09793 0.1472 0.0516
0.0872 0.1468 0.05156
0.09779 0.1468 0.0516
0.0872 0.1464 0.05158
0.09754 0.1464 0.0516
0.0872 0.146 0.05153
0.09719 0.146 0.0516
0.0872 0.14573 0.0516
0.0968 0.1456 0.0516
0.08724 0.1452 0.0516
0.09631999999999999 0.1452 0.0516
0.08728 0.1448 0.0516
0.09559999999999999 0.1448 0.0512
0.08735 0.1444 0.0516
0.0952 0.1444 0.0516
0.0875 0.144 0.0516
0.09440000000000001 0.144 0.0516
0.0876 0.14375 0.0516
0.092 0.1428 0.0516
0.0884 0.14271999999999999 0.0516
0.0912 0.1424 0.0516
0.0892 0.1423 0.0516
0.092 0.15319999999999998 0.05162
0.09079999999999999 0.15280000000000002 0.05165
0.0964 0.15159999999999998 0.05165
0.098 0.1472 0.05192
0.09720000000000001 0.146 0.05162
0.0872 0.1456 0.05167
0.0968 0.1456 0.051609999999999996
0.0948 0.1444 0.052
0.092 0.1428 0.0516
0.0892 0.1424 0.05198
0.09040000000000001 0.142 0.05178
0.09261 0.15159999999999998 0.05178
0.09261 0.15159999999999998 0.05
0.09261 0.15159999999999998 0.05
0.08987 0.1512 0.05
0.09242 0.1512 0.05
0.0952 0.1515 0.05
0.08868999999999999 0.15080000000000002 0.05
0.09226000000000001 0.15080000000000002 0.05
0.0964 0.15081999999999998 0.05
0.0882 0.1504 0.05
0.09079999999999999 0.15053999999999998 0.05
0.09204000000000001 0.1504 0.05
0.09673999999999999 0.1504 0.05
0.08784 0.15 0.05
0.0912 0.15023 0.05
0.0968 0.15031999999999998 0.05
0.08768000000000001 0.14959999999999998 0.05
0.09720000000000001 0.14984 0.05
0.08761 0.1492 0.05
0.09759999999999999 0.14924 0.05
0.08758 0.14880000000000002 0.05
0.09777 0.14880000000000002 0.05
0.0876 0.14872 0.05
0.09079999999999999 0.14858000000000002 0.05
0.0978 0.1484 0.05
0.088 0.14804 0.05
0.09040000000000001 0.14805000000000001 0.05
0.09772 0.148 0.05
0.0884 0.1479 0.05
0.09040000000000001 0.14797 0.05
0.09759999999999999 0.14771 0.05
0.08857999999999999 0.1472 0.05
0.09736 0.1472 0.05
0.08817 0.1468 0.05
0.09720000000000001 0.14703 0.05
0.08792 0.1464 0.05
0.0968 0.14657 0.05
0.08775 0.146 0.05
0.0964 0.14619 0.05
0.08764 0.1456 0.05
0.09559999999999999 0.1457 0.05
0.08764 0.1452 0.05
0.0952 0.14537 0.05
0.08767 0.1448 0.05
0.0948 0.14505 0.05
0.08771 0.1444 0.05
0.094 0.1445 0.05
0.08779 0.144 0.05
0.09359999999999999 0.14418 0.05
0.08788 0.1436 0.05
0.0928 0.14367 0.05
0.088 0.14334 0.05
0.092 0.1432 0.05
0.08839 0.1428 0.05
0.0916 0.14293 0.05
0.0884 0.14279 0.05
0.09 0.14236000000000001 0.05
0.09240000000000001 0.1524 0.05038
0.09079999999999999 0.152 0.05038
0.09 0.15159999999999998 0.05029
0.0948 0.15193 0.0504
0.0892 0.1512 0.05017
0.09559999999999999 0.15158000000000002 0.0504
0.0884 0.15080000000000002 0.05026
0.09079999999999999 0.15080000000000002 0.05007
0.0964 0.15109 0.0504
0.088 0.1504 0.05029
0.0912 0.1504 0.05003
0.0968 0.15066 0.0504
0.08765 0.15 0.0504
0.09720000000000001 0.15019 0.0504
0.0876 0.14959999999999998 0.050140000000000004
0.09759000000000001 0.14959999999999998 0.0504
0.0876 0.1492 0.05002
0.09759999999999999 0.14959 0.0504
0.08733 0.14880000000000002 0.0504
0.09798 0.14880000000000002 0.0504
0.08732 0.1484 0.0504
0.09079999999999999 0.1484 0.05002
0.09797 0.1484 0.0504
0.0876 0.148 0.05024
0.09040000000000001 0.148 0.05
0.09789 0.148 0.0504
0.0876 0.14777 0.0504
0.09759999999999999 0.14759999999999998 0.05008
0.088 0.1472 0.05028
0.09759999999999999 0.14727 0.0504
0.088 0.1468 0.050159999999999996
0.09720000000000001 0.1468 0.05025
0.08766 0.1464 0.0504
0.0968 0.1464 0.0502
0.0876 0.146 0.05035
0.0964 0.146 0.05023
0.0876 0.1456 0.0501
0.09559999999999999 0.1456 0.05008
0.0876 0.1452 0.05009
0.0952 0.1452 0.050159999999999996
0.0876 0.1448 0.05017
0.0948 0.1448 0.05015
0.0876 0.14442 0.0504
0.094 0.1444 0.05007
0.08769 0.144 0.0504
0.09359999999999999 0.144 0.05012
0.08779 0.1436 0.0504
0.0928 0.1436 0.05006
0.08796999999999999 0.1432 0.0504
0.092 0.1432 0.05
0.088 0.14316 0.0504
0.0916 0.1428 0.0501
0.0884 0.14268 0.0504
0.0892 0.14232 0.0504
0.09240000000000001 0.15280000000000002 0.05071
0.0912 0.1524 0.05068
0.09440000000000001 0.15268 0.0508
0.09 0.152 0.05074
0.0948 0.15221 0.0508
0.0892 0.15159999999999998 0.05067
0.0952 0.15192 0.0508
0.0888 0.1512 0.05046
0.096 0.15156 0.0508
0.08804000000000001 0.15080000000000002 0.0508
0.0968 0.15091 0.0508
0.08774 0.1504 0.0508
0.09720000000000001 0.15048 0.0508
0.0876 0.15 0.05055
0.09755 0.15 0.0508
0.08734 0.14959999999999998 0.0508
0.09759999999999999 0.14993 0.0508
0.08724 0.1492 0.0508
0.098 0.14933000000000002 0.0508
0.08721 0.14880000000000002 0.0508
0.098 0.14880000000000002 0.05043
0.08721999999999999 0.1484 0.0508
0.098 0.1484 0.05044
0.08728 0.148 0.0508
0.098 0.148 0.0506
0.08739 0.14759999999999998 0.0508
0.098 0.14775 0.0508
0.0876 0.1472 0.05068
0.09759999999999999 0.1472 0.05047
0.0876 0.1468 0.05063
0.09759999999999999 0.14695 0.0508
0.0876 0.1464 0.05049
0.09717 0.1464 0.0508
0.08739 0.146 0.0508
0.0968 0.146 0.05072
0.08737 0.1456 0.0508
0.09637000000000001 0.1456 0.0508
0.08736 0.1452 0.0508
0.09559999999999999 0.1452 0.05047
0.08739 0.1448 0.0508
0.09559999999999999 0.1448 0.0508
0.08746 0.1444 0.0508
0.0948 0.1444 0.0508
0.0876 0.14405 0.0508
0.094 0.144 0.0504
0.08771 0.1436 0.0508
0.0932 0.1436 0.0504
0.08792 0.1432 0.0508
0.0932 0.1432 0.0508
0.088 0.1431 0.0508
0.09240000000000001 0.1428 0.0508
0.0884 0.14267 0.0508
0.09079999999999999 0.1424 0.0508
0.0892 0.14225 0.0508
0.092 0.15280000000000002 0.05087
0.09079999999999999 0.1524 0.05087
0.0896 0.152 0.05097
0.0952 0.152 0.05095
0.0884 0.1512 0.05092
0.09759999999999999 0.15 0.05091
0.0872 0.1492 0.05098
0.09720000000000001 0.1464 0.05083
0.0964 0.1456 0.05086
0.0948 0.1444 0.0508
0.0876 0.144 0.05091
0.09079999999999999 0.1424 0.0508
0.09359999999999999 0.15080000000000002 0.0508
0.09359999999999999 0.15080000000000002 0.04912
0.09359999999999999 0.15080000000000002 0.04912
0.0928 0.1504 0.04914
0.09559999999999999 0.15078 0.0492
0.09240000000000001 0.15 0.04914
0.0964 0.15009999999999998 0.0492
0.09240000000000001 0.14959999999999998 0.04901
0.09670999999999999 0.14959999999999998 0.0492
0.09240000000000001 0.1492 0.04904
0.0968 0.14949 0.0492
0.09240000000000001 0.14880000000000002 0.04917
0.09712 0.14880000000000002 0.0492
0.09240000000000001 0.14865 0.0492
0.09714 0.1484 0.0492
0.0928 0.148 0.04908
0.0968 0.148 0.04901
0.0928 0.14759999999999998 0.049049999999999996
0.0968 0.14759999999999998 0.04914
0.09240000000000001 0.1472 0.0492
0.0964 0.1472 0.04906
0.09240000000000001 0.14711000000000002 0.0492
0.096 0.1468 0.04907
0.09079999999999999 0.1464 0.0492
0.0928 0.1464 0.04909
0.0952 0.1464 0.049030000000000004
0.0888 0.146 0.04914
0.0928 0.146 0.04915
0.0884 0.1456 0.049100000000000005
0.0916 0.1456 0.04917
0.0928 0.14562 0.0492
0.08811 0.1452 0.0492
0.0912 0.1452 0.04907
0.0928 0.1452 0.04918
0.08807999999999999 0.1448 0.0492
0.0912 0.1448 0.04919
0.0928 0.14505 0.0492
0.0881 0.1444 0.0492
0.09079999999999999 0.1444 0.04915
0.08815 0.144 0.0492
0.09040000000000001 0.144 0.04919
0.0884 0.1436 0.049159999999999995
0.0896 0.1436 0.04912
0.0884 0.14354 0.0492
0.09359999999999999 0.1512 0.04947
0.0932 0.15080000000000002 0.0493
0.0952 0.15118 0.0496
0.09246 0.1504 0.0496
0.0964 0.1505 0.0496
0.0888 0.15 0.04958
0.09211 0.15 0.0496
0.09678 0.15 0.0496
0.0884 0.14959999999999998 0.04959
0.092 0.14959999999999998 0.04929
0.0968 0.14998 0.0496
0.0884 0.1492 0.04958
0.092 0.1492 0.04932
0.09720000000000001 0.14943 0.0496
0.0884 0.14880000000000002 0.04959
0.092 0.14880000000000002 0.04942
0.09720000000000001 0.14880000000000002 0.04929
0.0884 0.14869 0.0496
0.0916 0.1484 0.04957
0.09720000000000001 0.1484 0.04927
0.0916 0.148 0.049530000000000005
0.09720000000000001 0.148 0.04935
0.0916 0.14759999999999998 0.04954
0.09720000000000001 0.14759999999999998 0.04956
0.0916 0.1472 0.04958
0.0968 0.1472 0.049409999999999996
0.0892 0.1468 0.0495
0.0964 0.1468 0.04937
0.0884 0.1464 0.0496
0.09559999999999999 0.1464 0.049210000000000004
0.0884 0.146 0.04938
0.0916 0.146 0.049229999999999996
0.094 0.146 0.04922
0.08788 0.1456 0.0496
0.092 0.1456 0.04927
0.088 0.1452 0.04934
0.0916 0.1452 0.049210000000000004
0.088 0.1448 0.04932
0.0916 0.1448 0.04926
0.088 0.1444 0.04936
0.0912 0.1444 0.04931
0.088 0.144 0.04951
0.09079999999999999 0.144 0.04933
0.088 0.14382 0.0496
0.09 0.1436 0.04924
0.08826 0.1432 0.0496
0.0884 0.14307 0.0496
0.0928 0.15159999999999998 0.049909999999999996
0.09 0.1512 0.04999
0.0928 0.1512 0.04975
0.0952 0.1512 0.04963
0.0888 0.15080000000000002 0.04996
0.09240000000000001 0.15080000000000002 0.0499
0.0964 0.15080000000000002 0.04997
0.0884 0.1504 0.04987
0.09240000000000001 0.1504 0.049659999999999996
0.088 0.15 0.0499
0.09040000000000001 0.15 0.04972
0.0968 0.15 0.04962
0.088 0.14959999999999998 0.0498
0.09079999999999999 0.14959999999999998 0.04972
0.09720000000000001 0.14959999999999998 0.04975
0.088 0.1492 0.04975
0.09040000000000001 0.1492 0.04961
0.09759999999999999 0.1492 0.04996
0.0876 0.14880000000000002 0.04999
0.09040000000000001 0.14880000000000002 0.049729999999999996
0.09759999999999999 0.14880000000000002 0.04977
0.088 0.1484 0.04983
0.09759999999999999 0.1484 0.04975
0.0884 0.148 0.04994
0.0912 0.148 0.04976
0.09759999999999999 0.148 0.04984
0.0896 0.14759999999999998 0.049890000000000004
0.0888 0.1472 0.049890000000000004
0.09720000000000001 0.1472 0.04984
0.0884 0.1468 0.04981
0.09079999999999999 0.1468 0.04961
0.0968 0.1468 0.04977
0.088 0.1464 0.04993
0.0964 0.1464 0.04976
0.088 0.146 0.04967
0.09559999999999999 0.146 0.04967
0.088 0.1436 0.049729999999999996
0.0916 0.1436 0.04962
0.0912 0.1432 0.04975
0.0884 0.1428 0.04999
0.09 0.1424 0.04997
0.0948 0.15 0.04997
0.0948 0.15 0.0484
0.0948 0.15 0.0484
0.094 0.14959999999999998 0.0484
0.094 0.14939 0.0484
0.09440000000000001 0.14896 0.0484
0.09359999999999999 0.1504 0.048780000000000004
0.0932 0.15 0.0487
0.09559999999999999 0.15039 0.048799999999999996
0.0928 0.14959999999999998 0.04876
0.096 0.14959999999999998 0.04858
0.0928 0.14924 0.048799999999999996
0.096 0.1492 0.048479999999999995
0.0932 0.14887999999999998 0.048799999999999996
0.096 0.14880000000000002 0.048490000000000005
0.09359999999999999 0.14859999999999998 0.048799999999999996
0.094 0.148 0.04872
0.09359999999999999 0.14759999999999998 0.04876
0.09359999999999999 0.1472 0.04875
0.09359999999999999 0.1468 0.048780000000000004
0.09359999999999999 0.14669 0.048799999999999996
0.0892 0.1456 0.04879
0.0888 0.1452 0.04879
0.0888 0.1448 0.048780000000000004
0.0888 0.1444 0.048780000000000004
0.0888 0.144 0.04879
0.0932 0.1504 0.048909999999999995
0.09559999999999999 0.1504 0.048799999999999996
0.0928 0.15 0.048850000000000005
0.0964 0.14959999999999998 0.0489
0.0928 0.1492 0.04881
0.0968 0.14880000000000002 0.04895
0.0932 0.1484 0.04893
0.0968 0.1484 0.04893
0.0932 0.148 0.04894
0.0964 0.14759999999999998 0.04894
0.0932 0.1472 0.048850000000000005
0.096 0.1472 0.04888
0.0932 0.1468 0.0489
0.09559999999999999 0.1468 0.048920000000000005
0.0932 0.1464 0.04897
0.0896 0.146 0.04894
0.0888 0.1456 0.04889
0.09079999999999999 0.1456 0.04882
0.0884 0.1452 0.048960000000000004
0.09079999999999999 0.1452 0.048799999999999996
0.0884 0.1448 0.04887
0.09079999999999999 0.1448 0.0489
0.0884 0.1444 0.04886
0.09040000000000001 0.1444 0.04888
0.0884 0.144 0.04899
0.09 0.144 0.048920000000000005
0.0888 0.1436 0.049
